Fold 1
Train indices:
0 1 2 3 5 6 7 8 9 10 11 13 14 15 16 17 18 20 21 22 23 28 29 30 31 32 33 34 35 36 38 39 41 42 44 45 46 47
Test indices:
4 12 19 24 25 26 27 37 40 43

Fold 2
Train indices:
0 1 2 4 5 7 10 11 12 14 16 18 19 20 21 22 23 24 25 26 27 28 29 30 31 32 34 35 36 37 38 40 41 42 43 44 46 47
Test indices:
3 6 8 9 13 15 17 33 39 45

Fold 3
Train indices:
1 2 3 4 6 7 8 9 10 12 13 14 15 17 18 19 20 21 22 23 24 25 26 27 28 33 35 36 37 38 39 40 41 42 43 44 45 47
Test indices:
0 5 11 16 29 30 31 32 34 46

Fold 4
Train indices:
0 3 4 5 6 7 8 9 11 12 13 14 15 16 17 18 19 20 22 24 25 26 27 28 29 30 31 32 33 34 37 38 39 40 42 43 45 46 47
Test indices:
1 2 10 21 23 35 36 41 44

Fold 5
Train indices:
0 1 2 3 4 5 6 8 9 10 11 12 13 15 16 17 19 21 23 24 25 26 27 29 30 31 32 33 34 35 36 37 39 40 41 43 44 45 46
Test indices:
7 14 18 20 22 28 38 42 47

